epochs trainLoss valLoss valAcc ID random_seed train_GPU torch_set_deterministic dataset batch_size loss_fn optimizer learning_rate momentum dampening weight_decay layer_types dropout_rate convKernels convStrides convPaddings poolKernels poolStrides poolPaddings convFilters FC_dropout_rate FC_dropout_layers FCFilters
0.5 4.606311171802123 4.521019794322826 1.0245485899776832 2021_02_15_13_56_59_917381 4248779896 True False CIFAR100 186 CrossEntropyLoss SGD 0.010439798407753376 0 0 0.016374529740733647 4-1-3 0.46221952533637445 32-1-3 20-1-2 2-2-3 5 4 1 190-306-383 0.4343604085634797 1 145-100
1.0 4.606542580163301 4.520796493247703 0.9839724081963888                        
1.5 4.606162035643165 4.5206996070014105 1.1361330898762427                        
2.0 4.606016525581701 4.5207931553875955 1.0651247717589776                        
2.5 4.606033342987744 4.520718230141534 1.054980726313654                        
3.0 4.605674135151194 4.520392100016276 1.0245485899776832                        
3.5 4.606131535857471 4.52017483887849 1.1462771353215662                        
4.0 4.605261364979531 4.520373229627256 1.1564211807668898                        
4.5 4.605300241441869 4.520190804092972 1.0651247717589776                        
5.0 4.605763335726154 4.520128002873173 1.1564211807668898                        
5.5 4.605462291347447 4.520012043140553 1.1462771353215662                        
6.0 4.605406650856359 4.5200186305575905 1.125989044430919                        
6.5 4.605375524777085 4.520128991868761 1.1361330898762427                        
7.0 4.6054763687190725 4.520084372273198 1.1057009535402718                        
7.5 4.605187779042258 4.520041209680063 1.0448366808683303                        
8.0 4.6055281873959215 4.520115993641041 1.1564211807668898                        
8.5 4.60532110840527 4.519986770771168 1.2680056806654494                        
9.0 4.605359344340083 4.519961374777335 1.0854128626496247                        
9.5 4.605486410767285 4.520012202086272 1.0651247717589776                        
10.0 4.605113591720809 4.519945630320796 1.2071414079935079                        
10.5 4.605354284172628 4.519919898774889 1.2984378170014201                        
11.0 4.605205817009086 4.520037085921676 1.0346926354230066                        
11.5 4.605436396242967 4.519930186095061 1.075268817204301                        
12.0 4.605124128398611 4.520074093783343 1.0448366808683303                        
12.5 4.60513451561999 4.519976015444155 1.0042604990870359                        
13.0 4.605401259749683 4.5199289763415305 1.1665652262122135                        
13.5 4.60533658782048 4.519946663467972 1.1868533171028606                        
14.0 4.605189590311762 4.519950054309986 1.0346926354230066                        
14.5 4.605319503527968 4.519908569477223 1.0245485899776832                        
15.0 4.605168538307076 4.519930459834911 0.9738283627510651                        
15.5 4.605219616818784 4.519936075916997 1.176709271657537                        
16.0 4.605281189306458 4.5198657954180685 1.0144045445323595                        
16.5 4.605377414333287 4.51995008080094 0.9332521809697707                        
17.0 4.605114783813704 4.519935378321895 1.0042604990870359                        
17.5 4.605217987032079 4.5199228922526045 1.1462771353215662                        
18.0 4.605284537842024 4.519988333737409 1.1158449989855954                        
18.5 4.6051382876154205 4.519918044408162 0.9433962264150944                        
19.0 4.6053361928285055 4.519918044408162 0.9738283627510651                        
19.5 4.605174452511232 4.51990830456769 0.8723879082978292                        
20.0 4.60527059213439 4.519890864690145 1.125989044430919                        
20.5 4.605286128485381 4.519945285938404 0.9129640900791236                        
21.0 4.605178936203914 4.519918044408162 1.0955569080949483                        
21.5 4.605254635882022 4.519934636575204 1.0854128626496247                        
22.0 4.605200671437961 4.519916499102557 1.0651247717589776                        
22.5 4.60521667395065 4.519948773913914 1.0245485899776832                        
23.0 4.605243003190453 4.519894785351223 1.1057009535402718                        
23.5 4.605232128456457 4.519890935332687 1.0651247717589776                        
24.0 4.605215054839404 4.519910503316809 1.054980726313654                        
24.5 4.605201521916176 4.519934415817261 1.0955569080949483                        
25.0 4.605247259140015 4.519909549642493 1.0955569080949483                        
25.5 4.605201988077876 4.519917867801808 0.9231081355244471                        
26.0 4.60524337683151 4.519919863453618 1.0245485899776832                        
26.5 4.605257866987541 4.519897098894472 1.0346926354230066                        
27.0 4.605171513201586 4.519920781806663 0.9941164536417123                        
27.5 4.605265136974961 4.519902556030838 0.9839724081963888                        
28.0 4.605160642026076 4.519906070497301 0.9231081355244471                        
28.5 4.605191373113376 4.519901169670953 1.0245485899776832                        
29.0 4.605236017881935 4.51990928473296 0.9028200446338                        
29.5 4.605180309779608 4.519900127693459 0.9636843173057416                        
30.0 4.605245465662942 4.51990153171398 1.0042604990870359                        
30.5 4.60522238532109 4.519890705744426 1.125989044430919                        
31.0 4.605198048833591 4.5198929574754505 1.075268817204301                        
31.5 4.605213777342839 4.5198902289072675 0.9839724081963888                        
32.0 4.605204443433392 4.5199005957003 1.1969973625481842                        
32.5 4.60523386499775 4.519900480906169 0.9535402718604179                        
33.0 4.605188547675289 4.519900286639178 1.0346926354230066                        
33.5 4.605187127839273 4.519895906801577 0.9636843173057416                        
34.0 4.60522890446791 4.5199000658812345 1.054980726313654                        
34.5 4.605194938716604 4.519905266938387 0.8115236356258876                        
35.0 4.605221303541269 4.519892630753694 1.0245485899776832                        
35.5 4.605195707349635 4.51989699293066 1.1868533171028606                        
36.0 4.6052104821845665 4.519898290987368 1.2071414079935079                        
36.5 4.60518006068557 4.51989170357033 0.9433962264150944                        
37.0 4.605230135704154 4.519889734409474 0.9839724081963888                        
37.5 4.605193604284258 4.519894670557092 1.0245485899776832                        
38.0 4.605209222480433 4.51990172598097 0.9231081355244471                        
38.5 4.605191615090441 4.519889531312166 0.9636843173057416                        
39.0 4.60520955697814 4.519884559843275 0.9636843173057416                        
39.5 4.6051656559332095 4.519896277674922 1.0346926354230066                        
40.0 4.605235195871609 4.519897549240677 0.9332521809697707                        
