epochs trainLoss valLoss valAcc ID random_seed train_GPU torch_set_deterministic dataset batch_size loss_fn optimizer learning_rate momentum dampening weight_decay layer_types dropout_rate convKernels convStrides convPaddings poolKernels poolStrides poolPaddings convFilters FC_dropout_rate FC_dropout_layers FCFilters
0.5 4.543086601466667 4.426935448791042 2.1761133603238867 2021_02_15_14_01_32_105932 4096394339 True False CIFAR100 152 CrossEntropyLoss SGD 0.7803497065523131 0 0 0 5-3-7 0.39971859298950596 11-1-1 5-1-1 5-1-1 1-10 1-4 0-4 321-63-384 0 0-0 358-340-100
1.0 4.397504742552594 4.296977548888235 3.299595141700405                        
1.5 4.239230640050842 4.04664335828839 5.55668016194332                        
2.0 4.120188399059017 3.972940509969538 6.649797570850202                        
2.5 4.022689124433006 3.956854917786338 6.7105263157894735                        
3.0 3.936964628173084 3.823837262211424 8.846153846153847                        
3.5 3.8496702400649467 3.7665109345407197 10.242914979757085                        
4.0 3.7922609724649567 3.851742484352805 8.997975708502024                        
4.5 3.728042765361507 3.7263680588115347 11.59919028340081                        
5.0 3.6742773128718866 3.5558167659875117 13.54251012145749                        
5.5 3.619867615583466 3.6504354151812466 12.307692307692308                        
6.0 3.5921788477316134 3.4978998213103325 15.506072874493928                        
6.5 3.5485313956330464 3.576587705901175 14.02834008097166                        
7.0 3.563309842493476 3.470602259491429 15.708502024291498                        
7.5 3.5214005039959417 3.4645607471466064 15.455465587044534                        
8.0 3.512597076776551 3.501829085928021 16.234817813765183                        
8.5 3.4775294806899093 3.4438240564230718 17.054655870445345                        
9.0 3.4724112734562014 3.454893946647644 16.73076923076923                        
9.5 3.443138648823994 3.5107181180607188 16.639676113360323                        
10.0 3.4702954103307024 3.633318218317899 14.7165991902834                        
10.5 3.4353184074890324 3.4998157891360195 16.04251012145749                        
11.0 3.454701675147545 3.4826339266516944 16.265182186234817                        
11.5 3.4266789453785593 3.4506057428591177 17.105263157894736                        
12.0 3.4538419668267415 3.4560234944025674 16.993927125506072                        
12.5 3.419725926910959 3.4670381076408154 16.17408906882591                        
13.0 3.449657488160017 3.421107534206275 16.912955465587043                        
13.5 3.436569729956185 3.4222220001798687 16.52834008097166                        
14.0 3.4494689732063106 3.4886817932128906 16.366396761133604                        
14.5 3.4282013017956805 3.483037244189869 16.57894736842105                        
15.0 3.451583001671768 3.5068199851296167 16.17408906882591                        
15.5 3.4477655262481877 3.5165751919601904 16.082995951417004                        
16.0 3.4598085197006783 3.5140235460165776 16.153846153846153                        
16.5 3.4422940553688424 3.513313575224443 15.82995951417004                        
17.0 3.459211478872997 3.516158353198658 15.62753036437247                        
17.5 3.4552124069958197 3.4948906645630347 16.437246963562753                        
18.0 3.4766135128532967 3.506012150735566 16.234817813765183                        
18.5 3.4595538988346006 3.5722339117165767 15.354251012145749                        
19.0 3.4953162888201272 3.4875221505309595 16.73076923076923                        
19.5 3.465178652507503 3.4863574757720484 16.65991902834008                        
20.0 3.478134127651773 3.514642440911495 16.842105263157894                        
20.5 3.473663617924946 3.504001411524686 16.275303643724698                        
21.0 3.48615084624872 3.522055506706238 15.921052631578947                        
21.5 3.4520447443171247 3.5138755928386343 16.53846153846154                        
22.0 3.506571410632715 3.4919263052217886 16.761133603238868                        
22.5 3.4796085793797564 3.5689048478097627 15.242914979757085                        
23.0 3.5138258861332403 3.554838624867526 15.587044534412955                        
23.5 3.4790637173303742 3.538016265088862 16.17408906882591                        
24.0 3.538388401996799 3.5543612386241104 15.62753036437247                        
24.5 3.5097452314888558 3.5157199556177314 16.24493927125506                        
25.0 3.4948029823419526 3.552607460455461 15.961538461538462                        
25.5 3.489514220051649 3.5510267452760176 15.860323886639677                        
26.0 3.530399799346924 3.6016737620035806 15.010121457489879                        
26.5 3.490937004729015 3.6064522085767803 15.20242914979757                        
27.0 3.5377538771164128 3.5755436131448457 15.759109311740891                        
27.5 3.498171294607767 3.5689322659463594 15.728744939271255                        
28.0 3.5335873656156584 3.5900133631446143 15.172064777327936                        
28.5 3.510679576455093 3.558488195592707 16.214574898785425                        
29.0 3.530420787450744 3.634478052457174 15.334008097165992                        
29.5 3.510051233012502 3.6287798737034653 14.504048582995951                        
30.0 3.548782443127981 3.6279367316852915 14.210526315789474                        
30.5 3.5258543883881917 3.5750646699558604 16.062753036437247                        
31.0 3.5388662059132647 3.6290642059210576 14.615384615384615                        
31.5 3.536862273041795 3.6117061268199575 15.161943319838057                        
32.0 3.547545610404596 3.5198244976274893 16.295546558704455                        
32.5 3.5267309938989033 3.5309629620927754 16.04251012145749                        
33.0 3.549354894859035 3.643517508651271 14.595141700404858                        
33.5 3.55153721861723 3.6437136404442065 15.091093117408906                        
34.0 3.5481022509132942 3.566793127493425 15.334008097165992                        
34.5 3.5242781232043012 3.6212443113327026 15.182186234817813                        
35.0 3.5543164072967155 3.5877126563679087 15.253036437246964                        
35.5 3.5361621699682098 3.6308441920713945 15.506072874493928                        
36.0 3.547919155620947 3.5726158366058813 15.748987854251013                        
36.5 3.524844140541263 3.6404365734620527 14.757085020242915                        
37.0 3.54966918578962 3.598687106912786 15.232793522267206                        
37.5 3.52512318477398 3.646081317554821 14.969635627530364                        
38.0 3.5584711054476297 3.5571637406493677 15.76923076923077                        
38.5 3.5267651807971117 3.5624174493731875 15.991902834008098                        
39.0 3.545572709746477 3.608199376048464 15.445344129554655                        
39.5 3.537798550070786 3.614799481449705 15.68825910931174                        
40.0 3.56461478006549 3.57097640543273 16.10323886639676                        
