epochs trainLoss valLoss valAcc ID random_seed train_GPU torch_set_deterministic dataset batch_size loss_fn optimizer learning_rate momentum dampening weight_decay layer_types dropout_rate convKernels convStrides convPaddings poolKernels poolStrides poolPaddings convFilters FC_dropout_rate FC_dropout_layers FCFilters
0.5 4.253769808530808 3.8971090102730845 9.68 2021_02_15_13_55_26_539263 2476382228 True False CIFAR100 25 CrossEntropyLoss SGD 0.11464760689500715 4.877743709660678e-05 0 0.0005490215623792545 3-3-1 0 24-2-2 12-2-1 4-2-2 1-1 1-1 0-0 301-297-345 0.4558671863403917  100
1.0 3.7429280073642732 3.5833423637095234 14.91                        
1.5 3.5072862403392793 3.4555959820450095 17.29                        
2.0 3.4005480926036835 3.366630731972673 19.5                        
2.5 3.233079576730728 3.2994915416413115 20.97                        
3.0 3.1987828862667085 3.192273818941188 22.67                        
3.5 3.046525068283081 3.15263257359626 23.36                        
4.0 3.033410361766815 3.1180991181114366 24.2                        
4.5 2.8612746143341066 3.083622397924599 25.14                        
5.0 2.917279816031456 3.0880854825426516 24.96                        
5.5 2.6999255369901656 3.103817031865108 25.81                        
6.0 2.7883350896835326 3.075052082984525 26.23                        
6.5 2.5594044728279113 3.113374901531343 26.78                        
7.0 2.675313312292099 3.009106545079676 27.29                        
7.5 2.4069961552619934 3.084748041600063 28.3                        
8.0 2.558693054795265 3.0907320209274864 27.21                        
8.5 2.284406052470207 3.0810249529574576 28.0                        
9.0 2.439427103638649 3.1047453339260414 26.77                        
9.5 2.1567271577119826 3.205758764856771 28.08                        
10.0 2.3290731827020643 3.088774024697016 28.55                        
10.5 2.043675352692604 3.1466497144199668 28.77                        
11.0 2.2424404274225234 3.1618573522924485 28.01                        
11.5 1.9190455729961395 3.331723276219166 26.84                        
12.0 2.1599399149417877 3.2665779007937843 26.44                        
12.5 1.8423749823570252 3.3880346080014236 27.97                        
13.0 2.07568495452404 3.2882637564380865 27.4                        
13.5 1.738035123050213 3.4921615022673573 26.85                        
14.0 2.0231337728500365 3.351985514907171 27.42                        
14.5 1.6456211798787117 3.4895039790883624 27.96                        
15.0 1.964274087011814 3.3901719312715413 27.42                        
15.5 1.6030640822052955 3.6639124262065366 27.13                        
16.0 1.8999092069864274 3.5316441778530208 26.82                        
16.5 1.5416176257431506 3.8120604150015813 26.57                        
17.0 1.8711843333244325 3.5973017269239165 27.57                        
17.5 1.4860199942588805 3.719163046810692 26.81                        
18.0 1.8266854733228683 3.6472196156841856 26.26                        
18.5 1.4467449952960014 3.759441260982333 26.19                        
19.0 1.794046130180359 3.717258611522113 26.93                        
19.5 1.4110640648603439 3.7956522557503565 27.13                        
20.0 1.7580744713544845 3.7246759241061316 26.99                        
20.5 1.3700502256155014 3.88937071642079 26.68                        
21.0 1.72186635774374 3.791794842318109 26.79                        
21.5 1.3637019430696964 3.98605702404964 26.13                        
22.0 1.702959489941597 3.810679540669829 25.19                        
22.5 1.339797925710678 4.027295028776897 26.23                        
23.0 1.6877940178513526 3.8228688519494494 26.14                        
23.5 1.3124031659066677 4.042981709030799 26.09                        
24.0 1.68098214417696 3.880321953956623 26.73                        
24.5 1.2924458748102188 4.08598193028324 26.19                        
25.0 1.6239000345468522 4.021217939562334 26.27                        
25.5 1.2759845342338085 4.099872328694027 26.93                        
26.0 1.625866473197937 4.13946782502153 23.58                        
26.5 1.2447129862308501 4.189857978773236 26.74                        
27.0 1.602033976316452 3.9510267749986148 27.4                        
27.5 1.214330669015646 4.167008193056482 26.58                        
28.0 1.5908130491375922 4.164017800381059 25.28                        
28.5 1.2005911850333213 4.156720369534005 26.6                        
29.0 1.564864347398281 4.13062696980122 24.8                        
29.5 1.2414082182943822 4.258231036383612 25.42                        
30.0 1.5665792742669582 4.104497314688571 25.61                        
30.5 1.2435276705920697 4.208167718830252 26.08                        
31.0 1.5613743215799332 4.187407702876445 24.85                        
31.5 1.1949354011416435 4.196119373278725 25.85                        
32.0 1.5680540951490403 4.208402159802635 25.53                        
32.5 1.1795813900530339 4.1697942895484985 25.87                        
33.0 1.555157862484455 4.148457531322565 25.42                        
33.5 1.1980083813071252 4.493478434936067 25.75                        
34.0 1.5160943206548692 4.171977727490471 25.88                        
34.5 1.1785302413105965 4.349687578077625 25.91                        
35.0 1.4998074853718282 4.257877308234312 25.55                        
35.5 1.1303505740463733 4.351550912024671 26.3                        
36.0 1.5394911692142486 4.272299594118113 25.61                        
36.5 1.1455290960967541 4.4490441740896935 26.25                        
37.0 1.5217415038645268 4.155115898707859 25.11                        
37.5 1.1077163947224618 4.2597186398922355 26.17                        
38.0 1.4852554978132249 4.256429104436365 25.69                        
38.5 1.1063049382865429 4.371142763746647 25.0                        
39.0 1.4836765001416206 4.282800616171592 25.35                        
39.5 1.1132926156818868 4.296967958274328 26.19                        
40.0 1.4958381524682045 4.318594807698543 26.35                        
